# Area Lights in Downstream Coordinates
# Position: Standard World Space (matches your camera translations)
# Rotation: OpenCV convention (X-right, Y-down, Z-forward)
# Format: name tx ty tz qx qy qz qw energy size_x size_y
Point.056 5.071592 58.802483 7.673368 1.000000 0.000000 0.000000 0.000000 392.699005 0.250000 0.250000
Point.057 5.101777 58.781521 10.140276 1.000000 0.000000 0.000000 0.000000 392.699005 0.250000 0.250000
Point.058 -18.654568 67.594864 12.719591 0.752454 0.000000 -0.000000 0.658645 392.699005 0.250000 0.250000
Point.062 5.101777 58.802483 22.155037 1.000000 0.000000 0.000000 0.000000 392.699005 0.250000 0.250000
Point.065 -18.654568 67.594864 10.392467 0.752454 0.000000 -0.000000 0.658645 392.699005 0.250000 0.250000
Point.066 -18.654568 67.594864 7.960895 0.752454 0.000000 -0.000000 0.658645 392.699005 0.250000 0.250000
Point.067 -18.654568 67.594864 5.615668 0.752454 0.000000 -0.000000 0.658645 392.699005 0.250000 0.250000
Point.068 -18.654568 67.594864 15.156044 0.752454 0.000000 -0.000000 0.658645 392.699005 0.250000 0.250000
Point.069 -18.654568 67.594864 17.573462 0.752454 0.000000 -0.000000 0.658645 392.699005 0.250000 0.250000
Point.071 -18.654568 67.594864 22.193102 0.752454 0.000000 -0.000000 0.658645 392.699005 0.250000 0.250000
Area.028 -24.081980 34.765484 2.018226 1.000000 0.000000 0.000000 0.000000 392.699005 1.000000 1.000000
Area.029 -25.800026 28.793327 3.754829 1.000000 0.000000 0.000000 0.000000 392.699005 1.000000 1.000000
Point.079 -12.696035 67.594864 15.156044 0.752454 0.000000 -0.000000 0.658645 392.699005 0.250000 0.250000
Point.080 -15.835478 67.594864 15.156044 0.752454 0.000000 -0.000000 0.658645 392.699005 0.250000 0.250000
Point.088 -14.087643 67.594864 7.960895 0.752454 0.000000 -0.000000 0.658645 392.699005 0.250000 0.250000
Area.030 -10.921690 8.213694 5.360451 1.000000 0.000000 0.000000 0.000001 392.699005 1.000000 1.000000
Spot.038 -41.154243 65.852890 6.292429 0.707107 -0.707107 -0.000000 0.000000 392.699005 1.000000 1.000000
Spot.037 65.586563 17.488121 16.654850 0.822559 -0.568679 -0.000000 0.000000 392.699005 1.000000 1.000000
Spot.036 67.004074 13.675118 16.772301 0.822559 -0.568679 -0.000000 0.000000 392.699005 1.000000 1.000000
Spot.035 47.274387 10.124121 12.817472 0.816419 -0.577460 -0.000000 0.000000 392.699005 1.000000 1.000000
Spot.034 48.535305 6.742540 12.195314 0.814332 -0.576892 0.049239 0.040437 392.699005 1.000000 1.000000
Spot.033 15.148709 58.441563 7.647151 0.719548 -0.694443 -0.000000 0.000000 392.699005 1.000000 1.000000
Spot.032 20.849035 58.441563 7.647151 0.719548 -0.694443 -0.000000 0.000000 392.699005 1.000000 1.000000
Spot.031 15.148710 39.156204 7.647151 0.719548 -0.694443 -0.000000 0.000000 392.699005 1.000000 1.000000
Spot.030 20.849035 39.156204 7.647151 0.719548 -0.694443 -0.000000 0.000000 392.699005 1.000000 1.000000
Spot.029 15.148710 16.611782 7.647151 0.719548 -0.694443 -0.000000 0.000000 392.699005 1.000000 1.000000
Spot.028 20.849035 16.611782 7.647151 0.719548 -0.694443 -0.000000 0.000000 392.699005 1.000000 1.000000
Spot.027 15.542867 -50.841091 7.647151 0.719548 -0.694443 -0.000000 0.000000 392.699005 1.000000 1.000000
Spot.026 21.243191 -50.841091 7.647151 0.719548 -0.694443 -0.000000 0.000000 392.699005 1.000000 1.000000
Spot.025 15.542866 -28.348438 7.647151 0.719548 -0.694443 -0.000000 0.000000 392.699005 1.000000 1.000000
Spot.024 21.243191 -28.348438 7.647151 0.719548 -0.694443 -0.000000 0.000000 392.699005 1.000000 1.000000
Spot.023 15.542866 -5.855784 7.647151 0.719548 -0.694443 -0.000000 0.000000 392.699005 1.000000 1.000000
Spot.022 21.243191 -5.855784 7.647151 0.719548 -0.694443 -0.000000 0.000000 392.699005 1.000000 1.000000
Spot.021 23.997707 3.941408 7.792732 0.719548 -0.694443 -0.000000 0.000000 392.699005 1.000000 1.000000
Spot.020 24.133324 -0.112406 7.787733 0.719548 -0.694443 -0.000000 0.000000 392.699005 1.000000 1.000000
Spot.019 2.962063 2.100744 6.897078 0.707107 -0.707107 -0.000000 0.000000 392.699005 1.000000 1.000000
Spot.018 2.953686 -1.955329 6.892078 0.707107 -0.707107 -0.000000 0.000000 392.699005 1.000000 1.000000
Spot.017 -19.554264 2.100744 6.355311 0.707107 -0.707107 -0.000000 0.000000 392.699005 1.000000 1.000000
Spot.016 -19.562641 -1.955329 6.350311 0.707107 -0.707107 -0.000000 0.000000 392.699005 1.000000 1.000000
Spot.015 -42.070591 2.100744 6.278469 0.707107 -0.707107 -0.000000 0.000000 392.699005 1.000000 1.000000
Spot.014 -42.078968 -1.955329 6.273469 0.707107 -0.707107 -0.000000 0.000000 392.699005 1.000000 1.000000
Spot.013 -64.542633 2.100744 6.278469 0.707107 -0.707107 -0.000000 0.000000 392.699005 1.000000 1.000000
Spot.012 -64.551010 -1.955329 6.273469 0.707107 -0.707107 -0.000000 0.000000 392.699005 1.000000 1.000000
Spot.011 51.171978 47.396584 14.302222 0.719548 -0.694443 -0.000000 0.000000 392.699005 1.000000 1.000000
Spot.010 -33.308300 61.684731 6.292429 0.707107 -0.707107 -0.000000 0.000000 392.699005 1.000000 1.000000
Spot.009 -39.008625 39.112041 6.292429 0.707107 -0.707107 -0.000000 0.000000 392.699005 1.000000 1.000000
Spot.008 -33.308300 39.112041 6.292429 0.707107 -0.707107 -0.000000 0.000000 392.699005 1.000000 1.000000
Spot.007 -39.008625 16.609783 6.292429 0.707107 -0.707107 -0.000000 0.000000 392.699005 1.000000 1.000000
Spot.006 -33.308300 16.609783 6.292429 0.707107 -0.707107 -0.000000 0.000000 392.699005 1.000000 1.000000
Spot.005 -39.008625 -5.857263 6.292429 0.707107 -0.707107 -0.000000 0.000000 392.699005 1.000000 1.000000
Spot.004 -33.308300 -5.857263 6.292429 0.707107 -0.707107 -0.000000 0.000000 392.699005 1.000000 1.000000
Spot.003 -39.008625 -28.355610 6.292429 0.707107 -0.707107 -0.000000 0.000000 392.699005 1.000000 1.000000
Spot.002 -33.308300 -28.355610 6.292429 0.707107 -0.707107 -0.000000 0.000000 392.699005 1.000000 1.000000
Spot.001 -39.008625 -50.853954 6.292429 0.707107 -0.707107 -0.000000 0.000000 392.699005 1.000000 1.000000
Spot -33.308300 -50.853954 6.369271 0.707107 -0.707107 -0.000000 0.000000 392.699005 1.000000 1.000000
Area.019 -0.131457 19.671316 9.452586 0.707107 -0.707107 -0.000000 0.000000 392.699005 1.000000 1.000000
Area.018 -0.131457 17.342646 9.445839 0.707107 -0.707107 -0.000000 0.000000 392.699005 1.000000 1.000000
Area.017 -0.131457 15.013976 9.454803 0.707107 -0.707107 -0.000000 0.000000 392.699005 1.000000 1.000000
Area.016 -0.131457 12.685306 9.441835 0.707107 -0.707107 -0.000000 0.000000 392.699005 1.000000 1.000000
Area.015 -0.131457 10.356635 9.457106 0.707107 -0.707107 -0.000000 0.000000 392.699005 1.000000 1.000000
Area.014 -26.191364 -22.160316 2.890577 0.707107 -0.707107 -0.000000 0.000000 392.699005 1.000000 1.000000
Area.013 -26.191364 -19.119951 2.890577 0.707107 -0.707107 -0.000000 0.000000 392.699005 1.000000 1.000000
Area.012 -26.191364 -16.079586 2.890577 0.707107 -0.707107 -0.000000 0.000000 392.699005 1.000000 1.000000
Area.011 -26.191364 -13.039221 2.890577 0.707107 -0.707107 -0.000000 0.000000 392.699005 1.000000 1.000000
Area.006 45.568958 -38.337788 16.790998 0.707107 -0.707107 -0.000000 0.000000 392.699005 1.000000 1.000000
Area.005 45.568958 -44.132912 16.790998 0.707107 -0.707107 -0.000000 0.000000 392.699005 1.000000 1.000000
Area.004 -20.069263 9.916323 8.409399 -0.917120 0.398428 0.004325 0.011261 392.699005 1.000000 1.000000
Area.003 -6.789713 57.250732 5.041615 0.707107 -0.707107 -0.000000 0.000000 392.699005 1.000000 1.000000
Area.002 35.341454 11.042336 6.158950 0.822827 -0.568292 -0.000000 0.000000 392.699005 1.000000 1.000000
Area.001 -22.887632 8.974371 9.492181 -0.357289 0.888448 0.112433 0.265260 392.699005 1.000000 1.000000
Area -24.909620 11.005009 9.492181 -0.357289 0.888448 0.112433 0.265260 392.699005 1.000000 1.000000
Area.020 -20.069263 9.916323 5.589245 -0.917120 0.398428 0.004325 0.011261 392.699005 1.000000 1.000000
Area.021 -20.069263 9.916323 2.747563 -0.917120 0.398428 0.004325 0.011261 392.699005 1.000000 1.000000
Area.022 -24.019630 14.028151 8.409399 -0.917120 0.398428 0.004325 0.011261 392.699005 1.000000 1.000000
Area.023 -24.019630 14.028151 5.589245 -0.917120 0.398428 0.004325 0.011261 392.699005 1.000000 1.000000
Area.024 -24.019630 14.028151 2.747563 -0.917120 0.398428 0.004325 0.011261 392.699005 1.000000 1.000000
Area.025 -22.071356 11.961473 8.409399 -0.917120 0.398428 0.004325 0.011261 392.699005 1.000000 1.000000
Area.026 -22.071356 11.961473 5.589245 -0.917120 0.398428 0.004325 0.011261 392.699005 1.000000 1.000000
Area.027 -22.071356 11.961473 2.747563 -0.917120 0.398428 0.004325 0.011261 392.699005 1.000000 1.000000
Area.031 -18.436718 -40.957306 2.419036 1.000000 0.000000 0.000000 0.000000 392.699005 1.000000 1.000000
